202f
0f
1.0 0.0 0.0 0.0 1.0 0.0 0.0 0.0 1.0
0.0 0.0 0.0
1f
0.993611 0.112856 0.0 -0.112856 0.993611 0.0 0.0 0.0 1.0
0.0 0.0 0.0
2f
0.920232 0.391374 0.0 -0.391374 0.920232 0.0 0.0 0.0 1.0
0.0 0.0 0.0
3f
0.70265 0.711536 0.0 -0.711536 0.70265 0.0 0.0 0.0 1.0
0.0 0.0 0.0
4f
0.356412 0.934329 0.0 -0.934329 0.356412 0.0 0.0 0.0 1.0
0.0 0.0 0.0
5f
0.0 1.0 0.0 -1.0 0.0 0.0 0.0 0.0 1.0
0.0 0.0 0.0
6f
-0.309017 0.951057 0.0 -0.951057 -0.309017 0.0 0.0 0.0 1.0
0.0 0.0 0.0
7f
-0.587785 0.809017 0.0 -0.809017 -0.587785 0.0 0.0 0.0 1.0
0.0 0.0 0.0
8f
-0.809017 0.587785 0.0 -0.587785 -0.809017 0.0 0.0 0.0 1.0
0.0 0.0 0.0
9f
-0.951057 0.309017 0.0 -0.309017 -0.951057 0.0 0.0 0.0 1.0
0.0 0.0 0.0
10f
-1.0 0.0 0.0 0.0 -1.0 0.0 0.0 0.0 1.0
0.0 0.0 0.0
11f
-0.951056 -0.309017 0.0 0.309017 -0.951056 0.0 0.0 0.0 1.0
0.0 0.0 0.0
12f
-0.809017 -0.587785 0.0 0.587785 -0.809017 0.0 0.0 0.0 1.0
0.0 0.0 0.0
13f
-0.587785 -0.809017 0.0 0.809017 -0.587785 0.0 0.0 0.0 1.0
0.0 0.0 0.0
14f
-0.309017 -0.951056 0.0 0.951056 -0.309017 0.0 0.0 0.0 1.0
0.0 0.0 0.0
15f
0.0 -1.0 0.0 1.0 0.0 0.0 0.0 0.0 1.0
0.0 0.0 0.0
16f
0.356412 -0.934329 0.0 0.934329 0.356412 0.0 0.0 0.0 1.0
0.0 0.0 0.0
17f
0.70265 -0.711536 0.0 0.711536 0.70265 0.0 0.0 0.0 1.0
0.0 0.0 0.0
18f
0.920232 -0.391374 0.0 0.391374 0.920232 0.0 0.0 0.0 1.0
0.0 0.0 0.0
19f
0.993611 -0.112857 0.0 0.112857 0.993611 0.0 0.0 0.0 1.0
0.0 0.0 0.0
20f
1.0 -3.01992e-007 0.0 3.01992e-007 1.0 0.0 0.0 0.0 1.0
0.0 0.0 0.0
21f
1.0 -3.01992e-007 0.0 3.00062e-007 0.993611 0.112856 0.0 -0.112856 0.993611
0.0 0.0 0.0
22f
1.0 -3.01992e-007 0.0 2.77902e-007 0.920232 0.391374 0.0 -0.391374 0.920232
0.0 0.0 0.0
23f
1.0 -3.01992e-007 0.0 2.12194e-007 0.70265 0.711536 -2.14878e-007 -0.711536 0.70265
0.0 0.0 0.0
24f
1.0 -3.01992e-007 0.0 0.0 0.356412 0.934329 -2.82159e-007 -0.934329 0.356412
0.0 0.0 0.0
25f
1.0 -3.01992e-007 0.0 0.0 0.0 1.0 -3.01992e-007 -1.0 0.0
0.0 0.0 0.0
26f
1.0 -3.01992e-007 0.0 0.0 -0.309017 0.951056 -2.87211e-007 -0.951056 -0.309017
0.0 0.0 0.0
27f
1.0 -3.01992e-007 0.0 -1.77506e-007 -0.587785 0.809017 -2.44316e-007 -0.809017 -0.587785
0.0 0.0 0.0
28f
1.0 -3.01992e-007 0.0 -2.44316e-007 -0.809017 0.587785 -1.77506e-007 -0.587785 -0.809017
0.0 0.0 0.0
29f
1.0 -3.01992e-007 0.0 -2.87211e-007 -0.951057 0.309017 0.0 -0.309017 -0.951057
0.0 0.0 0.0
30f
1.0 -3.01992e-007 0.0 -3.01992e-007 -1.0 -3.25841e-007 0.0 3.25841e-007 -1.0
0.0 0.0 0.0
31f
1.0 -3.01992e-007 0.0 -2.87211e-007 -0.951056 -0.309017 0.0 0.309017 -0.951056
0.0 0.0 0.0
32f
1.0 -3.01992e-007 0.0 -2.44316e-007 -0.809017 -0.587786 1.77506e-007 0.587786 -0.809017
0.0 0.0 0.0
33f
1.0 -3.01992e-007 0.0 -1.77506e-007 -0.587785 -0.809017 2.44316e-007 0.809017 -0.587785
0.0 0.0 0.0
34f
1.0 -3.01992e-007 0.0 0.0 -0.309017 -0.951056 2.87211e-007 0.951056 -0.309017
0.0 0.0 0.0
35f
1.0 -3.01992e-007 0.0 0.0 0.0 -1.0 3.01992e-007 1.0 0.0
0.0 0.0 0.0
36f
1.0 -3.01992e-007 0.0 0.0 0.356412 -0.934329 2.8216e-007 0.934329 0.356412
0.0 0.0 0.0
37f
1.0 -3.01992e-007 0.0 2.12194e-007 0.70265 -0.711536 2.14878e-007 0.711536 0.70265
0.0 0.0 0.0
38f
1.0 -3.01992e-007 0.0 2.77902e-007 0.920232 -0.391374 0.0 0.391374 0.920232
0.0 0.0 0.0
39f
1.0 -3.01992e-007 0.0 3.00062e-007 0.993611 -0.112856 0.0 0.112856 0.993611
0.0 0.0 0.0
40f
1.0 -3.01992e-007 0.0 3.01992e-007 1.0 1.74846e-007 0.0 -1.74846e-007 1.0
0.0 0.0 0.0
41f
0.993611 -3.00062e-007 -0.112856 3.21724e-007 1.0 1.73729e-007 0.112856 -2.08927e-007 0.993611
0.0 0.0 0.0
42f
0.920232 -2.77902e-007 -0.391374 3.70422e-007 1.0 1.60898e-007 0.391374 -2.93037e-007 0.920232
0.0 0.0 0.0
43f
0.70265 -2.12194e-007 -0.711536 4.264e-007 1.0 1.22855e-007 0.711536 -3.89723e-007 0.70265
0.0 0.0 0.0
44f
0.356412 0.0 -0.934329 4.65355e-007 1.0 0.0 0.934329 -4.57005e-007 0.356412
0.0 0.0 0.0
45f
0.0 0.0 -1.0 4.76837e-007 1.0 0.0 1.0 -4.76837e-007 0.0
0.0 0.0 0.0
46f
-0.309017 0.0 -0.951056 4.6828e-007 1.0 0.0 0.951056 -4.62057e-007 -0.309017
0.0 0.0 0.0
47f
-0.587785 1.77506e-007 -0.809017 4.43445e-007 1.0 0.0 0.809017 -4.19162e-007 -0.587785
0.0 0.0 0.0
48f
-0.809017 2.44316e-007 -0.587785 4.04763e-007 1.0 -1.41453e-007 0.587785 -3.52352e-007 -0.809017
0.0 0.0 0.0
49f
-0.951057 2.87211e-007 -0.309017 3.56022e-007 1.0 -1.66288e-007 0.309017 -2.68166e-007 -0.951057
0.0 0.0 0.0
50f
-1.0 3.01992e-007 3.25841e-007 3.01992e-007 1.0 -1.74846e-007 -3.25841e-007 -1.74845e-007 -1.0
0.0 0.0 0.0
51f
-0.951056 2.87211e-007 0.309017 2.47961e-007 1.0 -1.66288e-007 -0.309017 0.0 -0.951056
0.0 0.0 0.0
52f
-0.809017 2.44316e-007 0.587785 1.9922e-007 1.0 -1.41453e-007 -0.587785 0.0 -0.809017
0.0 0.0 0.0
53f
-0.587785 1.77506e-007 0.809017 1.60539e-007 1.0 0.0 -0.809017 0.0 -0.587785
0.0 0.0 0.0
54f
-0.309017 0.0 0.951056 1.35704e-007 1.0 0.0 -0.951056 0.0 -0.309017
0.0 0.0 0.0
55f
0.0 0.0 1.0 1.27146e-007 1.0 0.0 -1.0 1.27146e-007 0.0
0.0 0.0 0.0
56f
0.320943 0.0 0.947098 1.36396e-007 1.0 0.0 -0.947098 0.0 0.320943
0.0 0.0 0.0
57f
0.61786 -1.86588e-007 0.786288 1.64513e-007 1.0 0.0 -0.786288 0.0 0.61786
0.0 0.0 0.0
58f
0.840945 -2.53958e-007 0.541121 2.07379e-007 1.0 1.47035e-007 -0.541121 0.0 0.840945
0.0 0.0 0.0
59f
0.965382 -2.91537e-007 0.260842 2.56385e-007 1.0 1.68793e-007 -0.260842 0.0 0.965382
0.0 0.0 0.0
60f
1.0 -3.01992e-007 -1.74846e-007 3.01992e-007 1.0 1.74846e-007 1.74845e-007 -1.74846e-007 1.0
0.0 0.0 0.0
61f
0.978581 -2.95523e-007 -0.205863 0.0116354 0.998402 0.0553081 0.205534 -0.0565187 0.977017
0.0 0.0 0.0
62f
0.932071 -2.81478e-007 -0.362276 0.0723503 0.979855 0.186144 0.354977 -0.19971 0.913294
0.0 0.0 0.0
63f
0.873262 -2.63718e-007 -0.48725 0.187876 0.922673 0.336716 0.449572 -0.385584 0.805735
0.0 0.0 0.0
64f
0.801567 -2.42067e-007 -0.597905 0.339173 0.823533 0.454704 0.492394 -0.567269 0.660116
0.0 0.0 0.0
65f
0.707107 -2.1354e-007 -0.707107 0.5 0.707107 0.5 0.5 -0.707107 0.5
0.0 0.0 0.0
66f
0.587785 -1.77506e-007 -0.809017 0.654509 0.587785 0.475528 0.475528 -0.809017 0.345491
0.0 0.0 0.0
67f
0.45399 -1.37101e-007 -0.891007 0.793893 0.45399 0.404508 0.404508 -0.891007 0.206107
0.0 0.0 0.0
68f
0.309017 0.0 -0.951057 0.904509 0.309017 0.293893 0.293892 -0.951057 0.0954914
0.0 0.0 0.0
69f
0.156434 0.0 -0.987688 0.975528 0.156434 0.154508 0.154508 -0.987688 0.0244717
0.0 0.0 0.0
70f
-3.37766e-007 0.0 -1.0 1.0 -6.39758e-007 -3.37766e-007 -6.39758e-007 -1.0 0.0
0.0 0.0 0.0
71f
-0.156435 0.0 -0.987688 0.975528 -0.156435 -0.154509 -0.154509 -0.987688 0.0244719
0.0 0.0 0.0
72f
-0.309017 0.0 -0.951056 0.904508 -0.309018 -0.293893 -0.293893 -0.951056 0.0954918
0.0 0.0 0.0
73f
-0.45399 1.37101e-007 -0.891007 0.793893 -0.45399 -0.404508 -0.404509 -0.891007 0.206107
0.0 0.0 0.0
74f
-0.587785 1.77506e-007 -0.809017 0.654509 -0.587785 -0.475528 -0.475528 -0.809017 0.345491
0.0 0.0 0.0
75f
-0.707107 2.1354e-007 -0.707107 0.5 -0.707107 -0.5 -0.5 -0.707107 0.5
0.0 0.0 0.0
76f
-0.809017 2.44316e-007 -0.587785 0.333432 -0.823533 -0.45893 -0.484061 -0.567269 0.666252
0.0 0.0 0.0
77f
-0.891007 2.69076e-007 -0.453991 0.175051 -0.922673 -0.343558 -0.418885 -0.385584 0.822107
0.0 0.0 0.0
78f
-0.951056 2.87211e-007 -0.309017 0.0617136 -0.979855 -0.189936 -0.302792 -0.19971 0.931897
0.0 0.0 0.0
79f
-0.987688 2.98274e-007 -0.156435 0.00884121 -0.998402 -0.0558231 -0.156184 -0.0565189 0.98611
0.0 0.0 0.0
80f
-1.0 3.01992e-007 0.0 -3.01992e-007 -1.0 0.0 0.0 0.0 1.0
0.0 0.0 0.0
81f
-0.987688 2.98274e-007 0.156435 -0.0264116 -0.985645 -0.166754 0.154189 -0.168833 0.97351
0.0 0.0 0.0
82f
-0.951056 2.87211e-007 0.309017 -0.175296 -0.823533 -0.539505 0.254486 -0.567269 0.783226
0.0 0.0 0.0
83f
-0.891006 2.69076e-007 0.453991 -0.421052 -0.373959 -0.82636 0.169774 -0.927445 0.3332
0.0 0.0 0.0
84f
-0.809017 2.44316e-007 0.587786 -0.571111 0.236499 -0.786067 -0.139011 -0.971632 -0.191331
0.0 0.0 0.0
85f
-0.707107 2.1354e-007 0.707107 -0.5 0.707107 -0.5 -0.5 -0.707107 -0.5
0.0 0.0 0.0
86f
-0.587785 1.77506e-007 0.809017 -0.191332 0.971632 -0.139011 -0.786067 -0.236499 -0.57111
0.0 0.0 0.0
87f
-0.45399 1.37101e-007 0.891007 0.3332 0.927445 0.169774 -0.82636 0.373959 -0.421051
0.0 0.0 0.0
88f
-0.309017 0.0 0.951056 0.783226 0.567269 0.254486 -0.539505 0.823533 -0.175296
0.0 0.0 0.0
89f
-0.156435 0.0 0.987688 0.97351 0.168833 0.154189 -0.166755 0.985645 -0.0264115
0.0 0.0 0.0
90f
-2.90067e-007 0.0 1.0 1.0 -2.90067e-007 2.90067e-007 2.90067e-007 1.0 0.0
0.0 0.0 0.0
91f
0.156434 0.0 0.987688 0.98611 0.0565182 -0.156184 -0.0558223 0.998402 0.00884142
0.0 0.0 0.0
92f
0.309017 0.0 0.951057 0.931898 0.19971 -0.302792 -0.189935 0.979855 0.0617137
0.0 0.0 0.0
93f
0.45399 -1.37101e-007 0.891007 0.822108 0.385584 -0.418885 -0.343558 0.922673 0.175051
0.0 0.0 0.0
94f
0.587785 -1.77506e-007 0.809017 0.666252 0.567269 -0.48406 -0.45893 0.823533 0.333432
0.0 0.0 0.0
95f
0.707107 -2.1354e-007 0.707107 0.5 0.707107 -0.5 -0.5 0.707107 0.5
0.0 0.0 0.0
96f
0.823533 -2.487e-007 0.567269 0.321794 0.823533 -0.467164 -0.467164 0.567269 0.678206
0.0 0.0 0.0
97f
0.922673 -2.78639e-007 0.385584 0.148675 0.922673 -0.355768 -0.355767 0.385584 0.851325
0.0 0.0 0.0
98f
0.979855 -2.95908e-007 0.19971 0.0398844 0.979855 -0.195687 -0.195687 0.19971 0.960116
0.0 0.0 0.0
99f
0.998402 -3.01509e-007 0.0565186 0.00319464 0.998402 -0.0564279 -0.0564282 0.0565183 0.996806
0.0 0.0 0.0
100f
1.0 -3.01992e-007 -3.49691e-007 3.01992e-007 1.0 1.74846e-007 3.49691e-007 -1.74846e-007 1.0
0.0 0.0 0.0
101f
1.0 0.0 0.0 0.0 1.0 0.0 0.0 0.0 1.0
0.0 0.0 0.0
102f
0.993611 0.112856 0.0 -0.112856 0.993611 0.0 0.0 0.0 1.0
0.0 0.0 0.0
103f
0.920232 0.391374 0.0 -0.391374 0.920232 0.0 0.0 0.0 1.0
0.0 0.0 0.0
104f
0.70265 0.711536 0.0 -0.711536 0.70265 0.0 0.0 0.0 1.0
0.0 0.0 0.0
105f
0.356412 0.934329 0.0 -0.934329 0.356412 0.0 0.0 0.0 1.0
0.0 0.0 0.0
106f
0.0 1.0 0.0 -1.0 0.0 0.0 0.0 0.0 1.0
0.0 0.0 0.0
107f
-0.309017 0.951057 0.0 -0.951057 -0.309017 0.0 0.0 0.0 1.0
0.0 0.0 0.0
108f
-0.587785 0.809017 0.0 -0.809017 -0.587785 0.0 0.0 0.0 1.0
0.0 0.0 0.0
109f
-0.809017 0.587785 0.0 -0.587785 -0.809017 0.0 0.0 0.0 1.0
0.0 0.0 0.0
110f
-0.951057 0.309017 0.0 -0.309017 -0.951057 0.0 0.0 0.0 1.0
0.0 0.0 0.0
111f
-1.0 0.0 0.0 0.0 -1.0 0.0 0.0 0.0 1.0
0.0 0.0 0.0
112f
-0.951056 -0.309017 0.0 0.309017 -0.951056 0.0 0.0 0.0 1.0
0.0 0.0 0.0
113f
-0.809017 -0.587785 0.0 0.587785 -0.809017 0.0 0.0 0.0 1.0
0.0 0.0 0.0
114f
-0.587785 -0.809017 0.0 0.809017 -0.587785 0.0 0.0 0.0 1.0
0.0 0.0 0.0
115f
-0.309017 -0.951056 0.0 0.951056 -0.309017 0.0 0.0 0.0 1.0
0.0 0.0 0.0
116f
0.0 -1.0 0.0 1.0 0.0 0.0 0.0 0.0 1.0
0.0 0.0 0.0
117f
0.356412 -0.934329 0.0 0.934329 0.356412 0.0 0.0 0.0 1.0
0.0 0.0 0.0
118f
0.70265 -0.711536 0.0 0.711536 0.70265 0.0 0.0 0.0 1.0
0.0 0.0 0.0
119f
0.920232 -0.391374 0.0 0.391374 0.920232 0.0 0.0 0.0 1.0
0.0 0.0 0.0
120f
0.993611 -0.112857 0.0 0.112857 0.993611 0.0 0.0 0.0 1.0
0.0 0.0 0.0
121f
1.0 -3.01992e-007 0.0 3.01992e-007 1.0 0.0 0.0 0.0 1.0
0.0 0.0 0.0
122f
1.0 -3.01992e-007 0.0 3.00062e-007 0.993611 0.112856 0.0 -0.112856 0.993611
0.0 0.0 0.0
123f
1.0 -3.01992e-007 0.0 2.77902e-007 0.920232 0.391374 0.0 -0.391374 0.920232
0.0 0.0 0.0
124f
1.0 -3.01992e-007 0.0 2.12194e-007 0.70265 0.711536 -2.14878e-007 -0.711536 0.70265
0.0 0.0 0.0
125f
1.0 -3.01992e-007 0.0 0.0 0.356412 0.934329 -2.82159e-007 -0.934329 0.356412
0.0 0.0 0.0
126f
1.0 -3.01992e-007 0.0 0.0 0.0 1.0 -3.01992e-007 -1.0 0.0
0.0 0.0 0.0
127f
1.0 -3.01992e-007 0.0 0.0 -0.309017 0.951056 -2.87211e-007 -0.951056 -0.309017
0.0 0.0 0.0
128f
1.0 -3.01992e-007 0.0 -1.77506e-007 -0.587785 0.809017 -2.44316e-007 -0.809017 -0.587785
0.0 0.0 0.0
129f
1.0 -3.01992e-007 0.0 -2.44316e-007 -0.809017 0.587785 -1.77506e-007 -0.587785 -0.809017
0.0 0.0 0.0
130f
1.0 -3.01992e-007 0.0 -2.87211e-007 -0.951057 0.309017 0.0 -0.309017 -0.951057
0.0 0.0 0.0
131f
1.0 -3.01992e-007 0.0 -3.01992e-007 -1.0 -3.25841e-007 0.0 3.25841e-007 -1.0
0.0 0.0 0.0
132f
1.0 -3.01992e-007 0.0 -2.87211e-007 -0.951056 -0.309017 0.0 0.309017 -0.951056
0.0 0.0 0.0
133f
1.0 -3.01992e-007 0.0 -2.44316e-007 -0.809017 -0.587786 1.77506e-007 0.587786 -0.809017
0.0 0.0 0.0
134f
1.0 -3.01992e-007 0.0 -1.77506e-007 -0.587785 -0.809017 2.44316e-007 0.809017 -0.587785
0.0 0.0 0.0
135f
1.0 -3.01992e-007 0.0 0.0 -0.309017 -0.951056 2.87211e-007 0.951056 -0.309017
0.0 0.0 0.0
136f
1.0 -3.01992e-007 0.0 0.0 0.0 -1.0 3.01992e-007 1.0 0.0
0.0 0.0 0.0
137f
1.0 -3.01992e-007 0.0 0.0 0.356412 -0.934329 2.8216e-007 0.934329 0.356412
0.0 0.0 0.0
138f
1.0 -3.01992e-007 0.0 2.12194e-007 0.70265 -0.711536 2.14878e-007 0.711536 0.70265
0.0 0.0 0.0
139f
1.0 -3.01992e-007 0.0 2.77902e-007 0.920232 -0.391374 0.0 0.391374 0.920232
0.0 0.0 0.0
140f
1.0 -3.01992e-007 0.0 3.00062e-007 0.993611 -0.112856 0.0 0.112856 0.993611
0.0 0.0 0.0
141f
1.0 -3.01992e-007 0.0 3.01992e-007 1.0 1.74846e-007 0.0 -1.74846e-007 1.0
0.0 0.0 0.0
142f
0.993611 -3.00062e-007 -0.112856 3.21724e-007 1.0 1.73729e-007 0.112856 -2.08927e-007 0.993611
0.0 0.0 0.0
143f
0.920232 -2.77902e-007 -0.391374 3.70422e-007 1.0 1.60898e-007 0.391374 -2.93037e-007 0.920232
0.0 0.0 0.0
144f
0.70265 -2.12194e-007 -0.711536 4.264e-007 1.0 1.22855e-007 0.711536 -3.89723e-007 0.70265
0.0 0.0 0.0
145f
0.356412 0.0 -0.934329 4.65355e-007 1.0 0.0 0.934329 -4.57005e-007 0.356412
0.0 0.0 0.0
146f
0.0 0.0 -1.0 4.76837e-007 1.0 0.0 1.0 -4.76837e-007 0.0
0.0 0.0 0.0
147f
-0.309017 0.0 -0.951056 4.6828e-007 1.0 0.0 0.951056 -4.62057e-007 -0.309017
0.0 0.0 0.0
148f
-0.587785 1.77506e-007 -0.809017 4.43445e-007 1.0 0.0 0.809017 -4.19162e-007 -0.587785
0.0 0.0 0.0
149f
-0.809017 2.44316e-007 -0.587785 4.04763e-007 1.0 -1.41453e-007 0.587785 -3.52352e-007 -0.809017
0.0 0.0 0.0
150f
-0.951057 2.87211e-007 -0.309017 3.56022e-007 1.0 -1.66288e-007 0.309017 -2.68166e-007 -0.951057
0.0 0.0 0.0
151f
-1.0 3.01992e-007 3.25841e-007 3.01992e-007 1.0 -1.74846e-007 -3.25841e-007 -1.74845e-007 -1.0
0.0 0.0 0.0
152f
-0.951056 2.87211e-007 0.309017 2.47961e-007 1.0 -1.66288e-007 -0.309017 0.0 -0.951056
0.0 0.0 0.0
153f
-0.809017 2.44316e-007 0.587785 1.9922e-007 1.0 -1.41453e-007 -0.587785 0.0 -0.809017
0.0 0.0 0.0
154f
-0.587785 1.77506e-007 0.809017 1.60539e-007 1.0 0.0 -0.809017 0.0 -0.587785
0.0 0.0 0.0
155f
-0.309017 0.0 0.951056 1.35704e-007 1.0 0.0 -0.951056 0.0 -0.309017
0.0 0.0 0.0
156f
0.0 0.0 1.0 1.27146e-007 1.0 0.0 -1.0 1.27146e-007 0.0
0.0 0.0 0.0
157f
0.320943 0.0 0.947098 1.36396e-007 1.0 0.0 -0.947098 0.0 0.320943
0.0 0.0 0.0
158f
0.61786 -1.86588e-007 0.786288 1.64513e-007 1.0 0.0 -0.786288 0.0 0.61786
0.0 0.0 0.0
159f
0.840945 -2.53958e-007 0.541121 2.07379e-007 1.0 1.47035e-007 -0.541121 0.0 0.840945
0.0 0.0 0.0
160f
0.965382 -2.91537e-007 0.260842 2.56385e-007 1.0 1.68793e-007 -0.260842 0.0 0.965382
0.0 0.0 0.0
161f
1.0 -3.01992e-007 -1.74846e-007 3.01992e-007 1.0 1.74846e-007 1.74845e-007 -1.74846e-007 1.0
0.0 0.0 0.0
162f
0.978581 -2.95523e-007 -0.205863 0.0116354 0.998402 0.0553081 0.205534 -0.0565187 0.977017
0.0 0.0 0.0
163f
0.932071 -2.81478e-007 -0.362276 0.0723503 0.979855 0.186144 0.354977 -0.19971 0.913294
0.0 0.0 0.0
164f
0.873262 -2.63718e-007 -0.48725 0.187876 0.922673 0.336716 0.449572 -0.385584 0.805735
0.0 0.0 0.0
165f
0.801567 -2.42067e-007 -0.597905 0.339173 0.823533 0.454704 0.492394 -0.567269 0.660116
0.0 0.0 0.0
166f
0.707107 -2.1354e-007 -0.707107 0.5 0.707107 0.5 0.5 -0.707107 0.5
0.0 0.0 0.0
167f
0.587785 -1.77506e-007 -0.809017 0.654509 0.587785 0.475528 0.475528 -0.809017 0.345491
0.0 0.0 0.0
168f
0.45399 -1.37101e-007 -0.891007 0.793893 0.45399 0.404508 0.404508 -0.891007 0.206107
0.0 0.0 0.0
169f
0.309017 0.0 -0.951057 0.904509 0.309017 0.293893 0.293892 -0.951057 0.0954914
0.0 0.0 0.0
170f
0.156434 0.0 -0.987688 0.975528 0.156434 0.154508 0.154508 -0.987688 0.0244717
0.0 0.0 0.0
171f
-3.37766e-007 0.0 -1.0 1.0 -6.39758e-007 -3.37766e-007 -6.39758e-007 -1.0 0.0
0.0 0.0 0.0
172f
-0.156435 0.0 -0.987688 0.975528 -0.156435 -0.154509 -0.154509 -0.987688 0.0244719
0.0 0.0 0.0
173f
-0.309017 0.0 -0.951056 0.904508 -0.309018 -0.293893 -0.293893 -0.951056 0.0954918
0.0 0.0 0.0
174f
-0.45399 1.37101e-007 -0.891007 0.793893 -0.45399 -0.404508 -0.404509 -0.891007 0.206107
0.0 0.0 0.0
175f
-0.587785 1.77506e-007 -0.809017 0.654509 -0.587785 -0.475528 -0.475528 -0.809017 0.345491
0.0 0.0 0.0
176f
-0.707107 2.1354e-007 -0.707107 0.5 -0.707107 -0.5 -0.5 -0.707107 0.5
0.0 0.0 0.0
177f
-0.809017 2.44316e-007 -0.587785 0.333432 -0.823533 -0.45893 -0.484061 -0.567269 0.666252
0.0 0.0 0.0
178f
-0.891007 2.69076e-007 -0.453991 0.175051 -0.922673 -0.343558 -0.418885 -0.385584 0.822107
0.0 0.0 0.0
179f
-0.951056 2.87211e-007 -0.309017 0.0617136 -0.979855 -0.189936 -0.302792 -0.19971 0.931897
0.0 0.0 0.0
180f
-0.987688 2.98274e-007 -0.156435 0.00884121 -0.998402 -0.0558231 -0.156184 -0.0565189 0.98611
0.0 0.0 0.0
181f
-1.0 3.01992e-007 0.0 -3.01992e-007 -1.0 0.0 0.0 0.0 1.0
0.0 0.0 0.0
182f
-0.987688 2.98274e-007 0.156435 -0.0264116 -0.985645 -0.166754 0.154189 -0.168833 0.97351
0.0 0.0 0.0
183f
-0.951056 2.87211e-007 0.309017 -0.175296 -0.823533 -0.539505 0.254486 -0.567269 0.783226
0.0 0.0 0.0
184f
-0.891006 2.69076e-007 0.453991 -0.421052 -0.373959 -0.82636 0.169774 -0.927445 0.3332
0.0 0.0 0.0
185f
-0.809017 2.44316e-007 0.587786 -0.571111 0.236499 -0.786067 -0.139011 -0.971632 -0.191331
0.0 0.0 0.0
186f
-0.707107 2.1354e-007 0.707107 -0.5 0.707107 -0.5 -0.5 -0.707107 -0.5
0.0 0.0 0.0
187f
-0.587785 1.77506e-007 0.809017 -0.191332 0.971632 -0.139011 -0.786067 -0.236499 -0.57111
0.0 0.0 0.0
188f
-0.45399 1.37101e-007 0.891007 0.3332 0.927445 0.169774 -0.82636 0.373959 -0.421051
0.0 0.0 0.0
189f
-0.309017 0.0 0.951056 0.783226 0.567269 0.254486 -0.539505 0.823533 -0.175296
0.0 0.0 0.0
190f
-0.156435 0.0 0.987688 0.97351 0.168833 0.154189 -0.166755 0.985645 -0.0264115
0.0 0.0 0.0
191f
-2.90067e-007 0.0 1.0 1.0 -2.90067e-007 2.90067e-007 2.90067e-007 1.0 0.0
0.0 0.0 0.0
192f
0.156434 0.0 0.987688 0.98611 0.0565182 -0.156184 -0.0558223 0.998402 0.00884142
0.0 0.0 0.0
193f
0.309017 0.0 0.951057 0.931898 0.19971 -0.302792 -0.189935 0.979855 0.0617137
0.0 0.0 0.0
194f
0.45399 -1.37101e-007 0.891007 0.822108 0.385584 -0.418885 -0.343558 0.922673 0.175051
0.0 0.0 0.0
195f
0.587785 -1.77506e-007 0.809017 0.666252 0.567269 -0.48406 -0.45893 0.823533 0.333432
0.0 0.0 0.0
196f
0.707107 -2.1354e-007 0.707107 0.5 0.707107 -0.5 -0.5 0.707107 0.5
0.0 0.0 0.0
197f
0.823533 -2.487e-007 0.567269 0.321794 0.823533 -0.467164 -0.467164 0.567269 0.678206
0.0 0.0 0.0
198f
0.922673 -2.78639e-007 0.385584 0.148675 0.922673 -0.355768 -0.355767 0.385584 0.851325
0.0 0.0 0.0
199f
0.979855 -2.95908e-007 0.19971 0.0398844 0.979855 -0.195687 -0.195687 0.19971 0.960116
0.0 0.0 0.0
200f
0.998402 -3.01509e-007 0.0565186 0.00319464 0.998402 -0.0564279 -0.0564282 0.0565183 0.996806
0.0 0.0 0.0
201f
1.0 -3.01992e-007 -3.49691e-007 3.01992e-007 1.0 1.74846e-007 3.49691e-007 -1.74846e-007 1.0
0.0 0.0 0.0
